
{"signature" : "{'documentDistance': 'sum', 'verbose': True, 'documentFilter': ['t', 'el', 's'], 'fileout': 'out.js', 'segmenter': ['nl', '1'], 'segmentDistance': 'lv', 'documentDistanceFilter': ['t', 'c', 'h', 'c', 't'],}",
 
 "filenames" : ['./corpus/haskell_1/01.hs', './corpus/haskell_1/02.hs', './corpus/haskell_1/03.hs', './corpus/haskell_1/04.hs', './corpus/haskell_1/05.hs', './corpus/haskell_1/06.hs', './corpus/haskell_1/07.hs', './corpus/haskell_1/08.hs', './corpus/haskell_1/09.hs', './corpus/haskell_1/10.hs', './corpus/haskell_1/11.hs', './corpus/haskell_1/12.hs', './corpus/haskell_1/13.hs',], 
 
 "corpus_scores" : [[0.0, 0.91561999999999999, 0.00379, 0.92262999999999995, 0.96894000000000002, 0.90237000000000001, 0.91954000000000002, 0.94764999999999999, 0.93745000000000001, 0.93586000000000003, 0.91647999999999996, 0.96692999999999996, 0.98343999999999998], [0.91561999999999999, 0.0, 0.92586000000000002, 0.88238000000000005, 0.90017999999999998, 0.85089999999999999, 0.83304, 0.91173999999999999, 0.86682999999999999, 0.82850999999999997, 0.87427999999999995, 0.97975000000000001, 0.97604999999999997], [0.00379, 0.92586000000000002, 0.0, 0.93747000000000003, 0.95526, 0.89793999999999996, 0.90481999999999996, 0.96213000000000004, 0.93457999999999997, 0.87136999999999998, 0.91417000000000004, 0.96692999999999996, 0.98226000000000002], [0.92262999999999995, 0.88238000000000005, 0.93747000000000003, 0.0, 0.93559999999999999, 0.85024, 0.88998999999999995, 0.91962999999999995, 0.93174999999999997, 0.83233000000000001, 0.88417000000000001, 0.93323999999999996, 0.96648999999999996], [0.96894000000000002, 0.90017999999999998, 0.95526, 0.93559999999999999, 0.0, 0.88537999999999994, 0.89766000000000001, 0.91081999999999996, 0.94327000000000005, 0.89625999999999995, 0.92369999999999997, 0.98167000000000004, 0.98743999999999998], [0.90237000000000001, 0.85089999999999999, 0.89793999999999996, 0.85024, 0.88537999999999994, 0.0, 0.82921, 0.84204000000000001, 0.85619000000000001, 0.86717999999999995, 0.78007000000000004, 0.92988000000000004, 0.98119000000000001], [0.91954000000000002, 0.83304, 0.90481999999999996, 0.88998999999999995, 0.89766000000000001, 0.82921, 0.0, 0.88077000000000005, 0.82604999999999995, 0.78325, 0.79447999999999996, 0.95548, 0.97897000000000001], [0.94764999999999999, 0.91173999999999999, 0.96213000000000004, 0.91962999999999995, 0.91081999999999996, 0.84204000000000001, 0.88077000000000005, 0.0, 0.93667999999999996, 0.90080000000000005, 0.94843999999999995, 0.97636999999999996, 0.99692000000000003], [0.93745000000000001, 0.86682999999999999, 0.93457999999999997, 0.93174999999999997, 0.94327000000000005, 0.85619000000000001, 0.82604999999999995, 0.93667999999999996, 0.0, 0.77378000000000002, 0.86065000000000003, 0.96650000000000003, 0.98560999999999999], [0.93586000000000003, 0.82850999999999997, 0.87136999999999998, 0.83233000000000001, 0.89625999999999995, 0.86717999999999995, 0.78325, 0.90080000000000005, 0.77378000000000002, 0.0, 0.80445, 0.96580999999999995, 0.97757000000000005], [0.91647999999999996, 0.87427999999999995, 0.91417000000000004, 0.88417000000000001, 0.92369999999999997, 0.78007000000000004, 0.79447999999999996, 0.94843999999999995, 0.86065000000000003, 0.80445, 0.0, 0.93952999999999998, 0.99895], [0.96692999999999996, 0.97975000000000001, 0.96692999999999996, 0.93323999999999996, 0.98167000000000004, 0.92988000000000004, 0.95548, 0.97636999999999996, 0.96650000000000003, 0.96580999999999995, 0.93952999999999998, 0.0, 0.70901000000000003], [0.98343999999999998, 0.97604999999999997, 0.98226000000000002, 0.96648999999999996, 0.98743999999999998, 0.98119000000000001, 0.97897000000000001, 0.99692000000000003, 0.98560999999999999, 0.97757000000000005, 0.99895, 0.70901000000000003, 0.0]] 

}