
{"signature" : "{'documentDistance': 'sum', 'verbose': True, 'documentFilter': ['t', 's', 'el'], 'fileout': 'out.js', 'segmenter': ['nl', '1'], 'segmentDistance': 'lv', 'documentDistanceFilter': ['t', 'c', 'h', 'c', 't', 'c', 't']}",
 
 "filenames" : ['corpus/test/1/Source/cnt_char.py', 'corpus/test/1/Source/graph.py', 'corpus/test/1/Source/nuage.py', 'corpus/test/1/Source/tool_ltal.py', 'corpus/test/1/Source/tp_1_2.py', 'corpus/test/2/tp_1-2.py', 'corpus/test/3/html.py', 'corpus/test/3/other/output.py', 'corpus/test/3/other/tools.py', 'corpus/test/3/plot.py', 'corpus/test/3/tp.py', 'corpus/test/4/Boitoutils.py', 'corpus/test/4/LTAL_1_2.py', 'corpus/test/5/Boitoutils.py', 'corpus/test/5/TP_1_2.py', 'corpus/test/6/script.py'], 
 
 "corpus_scores" : [[0.0, 0.79905999999999999, 0.95028000000000001, 0.94718999999999998, 0.94054000000000004, 0.91888999999999998, 1.0, 1.0, 1.0, 0.9829, 0.99395, 0.97892999999999997, 0.92906999999999995, 0.95920000000000005, 0.65090999999999999, 0.92547000000000001], [0.79905999999999999, 0.0, 0.84357000000000004, 0.87117, 0.75631999999999999, 0.75571999999999995, 1.0, 1.0, 1.0, 0.89165000000000005, 1.0, 0.66354999999999997, 0.56879999999999997, 0.66354999999999997, 0.55542999999999998, 0.81518000000000002], [0.95028000000000001, 0.84357000000000004, 0.0, 0.95381000000000005, 0.95396999999999998, 1.0, 0.95381000000000005, 1.0, 0.97157000000000004, 0.97497999999999996, 0.93866000000000005, 0.92137000000000002, 0.93156000000000005, 0.92137000000000002, 0.89653000000000005, 1.0], [0.94718999999999998, 0.87117, 0.95381000000000005, 0.0, 0.94925999999999999, 0.72074000000000005, 1.0, 1.0, 0.81311999999999995, 1.0, 0.99431999999999998, 0.54535999999999996, 0.96284999999999998, 0.43486999999999998, 0.89242999999999995, 0.70809], [0.94054000000000004, 0.75631999999999999, 0.95396999999999998, 0.94925999999999999, 0.0, 0.87712999999999997, 0.99239999999999995, 0.99519999999999997, 0.97016999999999998, 0.98060000000000003, 0.99502999999999997, 0.96504999999999996, 0.91959000000000002, 0.94562000000000002, 0.84321000000000002, 0.88795999999999997], [0.91888999999999998, 0.75571999999999995, 1.0, 0.72074000000000005, 0.87712999999999997, 0.0, 0.94772000000000001, 0.99587000000000003, 1.0, 0.96594999999999998, 0.96411999999999998, 0.70538000000000001, 0.95026999999999995, 0.66971999999999998, 0.94198000000000004, 0.24878], [1.0, 1.0, 0.95381000000000005, 1.0, 0.99239999999999995, 0.94772000000000001, 0.0, 0.96372000000000002, 0.97080999999999995, 0.95377000000000001, 1.0, 0.96891000000000005, 1.0, 0.97035000000000005, 1.0, 0.95521999999999996], [1.0, 1.0, 1.0, 1.0, 0.99519999999999997, 0.99587000000000003, 0.96372000000000002, 0.0, 0.95962000000000003, 0.95511000000000001, 0.99234, 0.98680000000000001, 1.0, 0.98741000000000001, 1.0, 1.0], [1.0, 1.0, 0.97157000000000004, 0.81311999999999995, 0.97016999999999998, 1.0, 0.97080999999999995, 0.95962000000000003, 0.0, 0.99175999999999997, 0.93664000000000003, 0.86087000000000002, 1.0, 0.86140000000000005, 0.97365000000000002, 1.0], [0.9829, 0.89165000000000005, 0.97497999999999996, 1.0, 0.98060000000000003, 0.96594999999999998, 0.95377000000000001, 0.95511000000000001, 0.99175999999999997, 0.0, 0.93928, 0.93786999999999998, 0.98026000000000002, 0.93786999999999998, 0.98462000000000005, 0.96594999999999998], [0.99395, 1.0, 0.93866000000000005, 0.99431999999999998, 0.99502999999999997, 0.96411999999999998, 1.0, 0.99234, 0.93664000000000003, 0.93928, 0.0, 0.98924000000000001, 0.98670999999999998, 1.0, 0.99082999999999999, 0.98663000000000001], [0.97892999999999997, 0.66354999999999997, 0.92137000000000002, 0.54535999999999996, 0.96504999999999996, 0.70538000000000001, 0.96891000000000005, 0.98680000000000001, 0.86087000000000002, 0.93786999999999998, 0.98924000000000001, 0.0, 0.97036, 0.16596, 0.97846, 0.70109999999999995], [0.92906999999999995, 0.56879999999999997, 0.93156000000000005, 0.96284999999999998, 0.91959000000000002, 0.95026999999999995, 1.0, 1.0, 1.0, 0.98026000000000002, 0.98670999999999998, 0.97036, 0.0, 0.95501000000000003, 0.84314999999999996, 0.96853999999999996], [0.95920000000000005, 0.66354999999999997, 0.92137000000000002, 0.43486999999999998, 0.94562000000000002, 0.66971999999999998, 0.97035000000000005, 0.98741000000000001, 0.86140000000000005, 0.93786999999999998, 1.0, 0.16596, 0.95501000000000003, 0.0, 0.96797999999999995, 0.65832999999999997], [0.65090999999999999, 0.55542999999999998, 0.89653000000000005, 0.89242999999999995, 0.84321000000000002, 0.94198000000000004, 1.0, 1.0, 0.97365000000000002, 0.98462000000000005, 0.99082999999999999, 0.97846, 0.84314999999999996, 0.96797999999999995, 0.0, 0.94869999999999999], [0.92547000000000001, 0.81518000000000002, 1.0, 0.70809, 0.88795999999999997, 0.24878, 0.95521999999999996, 1.0, 1.0, 0.96594999999999998, 0.98663000000000001, 0.70109999999999995, 0.96853999999999996, 0.65832999999999997, 0.94869999999999999, 0.0]] 

}